
1.0000 4.1667 0.0421 5.0000 0.0069 
2.0000 0.4357 0.0651 13.0000 0.0118 
3.0000 0.5245 0.0878 9.0000 0.0192 
1.0000 1.2048 0.1553 11.0000 0.0179 
2.0000 1.4706 0.0639 13.0000 0.0082 
3.0000 1.5789 0.1142 9.0000 0.0206 
5.0000 2.2727 0.1460 11.0000 0.0210 
5.0000 2.2727 0.1092 10.0000 0.0190 
6.0000 2.2472 0.1138 11.0000 0.0170 
7.0000 2.4561 0.1024 10.0000 0.0167 
8.0000 2.6144 0.0998 9.0000 0.0146 
9.0000 2.7356 0.1253 14.0000 0.0197 
10.0000 2.7322 0.1130 8.0000 0.0240 
11.0000 2.8571 0.0863 9.0000 0.0151 
12.0000 2.3715 0.0632 9.0000 0.0140 
15.0000 2.7675 0.1229 8.0000 0.0273 
15.0000 2.7675 0.0860 9.0000 0.0218 
15.0000 2.7675 0.0974 9.0000 0.0213 
159.0000 3.7421 0.0436 5.0000 0.0058 
166.0000 3.7702 0.0815 8.0000 0.0208 
167.0000 3.7681 0.0800 6.0000 0.0175 
159.0000 3.7421 0.0436 5.0000 0.0058 
166.0000 3.7702 0.0815 8.0000 0.0208 
167.0000 3.7681 0.0800 6.0000 0.0175 
7.0000 2.3333 0.1481 9.0000 0.0356 
7.0000 2.3333 0.1184 18.0000 0.0212 
7.0000 2.3333 0.1154 9.0000 0.0163 
7.0000 2.3333 0.0655 9.0000 0.0138 
7.0000 2.3333 0.1440 11.0000 0.0235 
50.0000 2.9499 0.0484 5.0000 0.0096 
57.0000 2.7143 0.0399 11.0000 0.0188 
76.0000 2.6817 0.0820 8.0000 0.0166 
80.0000 2.5674 0.0241 4.0000 0.0086 
85.0000 2.2985 0.0167 4.0000 0.0099 
87.0000 2.3175 0.0844 7.0000 0.0232 
88.0000 2.2669 0.0667 6.0000 0.0111 
7.0000 2.3333 0.1481 9.0000 0.0356 
7.0000 2.3333 0.1184 18.0000 0.0212 
7.0000 2.3333 0.1154 9.0000 0.0163 
7.0000 2.3333 0.0655 9.0000 0.0138 
7.0000 2.3333 0.1440 11.0000 0.0235 
7.0000 2.3333 0.1481 9.0000 0.0356 
7.0000 2.3333 0.1184 18.0000 0.0212 
7.0000 2.3333 0.1154 9.0000 0.0163 
7.0000 2.3333 0.0655 9.0000 0.0138 
7.0000 2.3333 0.1440 11.0000 0.0235 
50.0000 2.9499 0.0484 5.0000 0.0096 
57.0000 2.7143 0.0399 11.0000 0.0188 
76.0000 2.6817 0.0820 8.0000 0.0166 
80.0000 2.5674 0.0241 4.0000 0.0086 
85.0000 2.2985 0.0167 4.0000 0.0099 
87.0000 2.3175 0.0844 7.0000 0.0232 
88.0000 2.2669 0.0667 6.0000 0.0111 
159.0000 3.7421 0.0436 5.0000 0.0058 
166.0000 3.7702 0.0815 8.0000 0.0208 
167.0000 3.7681 0.0800 6.0000 0.0175 
159.0000 3.7421 0.0436 5.0000 0.0058 
166.0000 3.7702 0.0815 8.0000 0.0208 
167.0000 3.7681 0.0800 6.0000 0.0175 